[gd_scene load_steps=2 format=1]

[sub_resource type="Environment" id=1]

ambient_light/enabled = false
ambient_light/color = Color( 0.519531, 0.519531, 0.519531, 1 )
ambient_light/energy = 0.0
fxaa/enabled = false
background/mode = 1
background/color = Color( 0.0606061, 0.107955, 0.159626, 1 )
background/energy = 1.82
background/scale = 1.0
background/glow = 0.2
background/canvas_max_layer = null
glow/enabled = false
glow/blur_passes = 1
glow/blur_scale = 1.0
glow/blur_strength = 3.0
glow/blur_blend_mode = 0
glow/bloom = 1.0
glow/bloom_treshold = 0.5
dof_blur/enabled = false
dof_blur/blur_passes = 1
dof_blur/begin = 10.0
dof_blur/range = 10.0
hdr/enabled = false
hdr/tonemapper = 0.0
hdr/exposure = 0.5
hdr/white = 1.0
hdr/glow_treshold = 0.95
hdr/glow_scale = 0.4
hdr/min_luminance = 0.4
hdr/max_luminance = 8.0
hdr/exposure_adj_speed = 0.5
fog/enabled = true
fog/begin = 300.0
fog/begin_color = Color( 0.541667, 0.513731, 0.583355, 1 )
fog/end_color = Color( 0.596117, 0.640152, 1, 1 )
fog/attenuation = 1.18921
fog/bg = true
bcs/enabled = false
bcs/brightness = 1.0
bcs/contrast = 1.0
bcs/saturation = 1.0
srgb/enabled = false

[node name="CommonEnviron" type="Spatial"]

_import_transform = Transform( 1, 0, 0, 0, 1, 0, 0, 0, 1, 0, 0, 0 )
transform/local = Transform( 0.5, -0.5, 0.707107, 0.853553, 0.146446, -0.5, 0.146447, 0.853553, 0.5, 20, 243.129, 99.2929 )

[node name="WorldEnvironment" type="WorldEnvironment" parent="."]

_import_transform = Transform( 1, 0, 0, 0, 1, 0, 0, 0, 1, 0, 0, 0 )
transform/local = Transform( 0.5, 0.853554, 0.146447, -0.5, 0.146446, 0.853554, 0.707107, -0.5, 0.5, -232.065, -110.357, 57.776 )
environment = SubResource( 1 )

[node name="DirectionalLight" type="DirectionalLight" parent="."]

_import_transform = Transform( 1, 0, 0, 0, 1, 0, 0, 0, 1, 0, 0, 0 )
transform/local = Transform( 0.519702, 0.667155, 0.533682, -0.171465, -0.530507, 0.830158, 0.836965, -0.522942, -0.161312, -174.546, -100.133, 23.4033 )
layers = 1
params/enabled = true
params/editor_only = false
params/bake_mode = 3
params/energy = 1.3
colors/diffuse = Color( 0.533333, 0.533333, 1, 1 )
colors/specular = Color( 1, 1, 1, 1 )
shadow/shadow = true
shadow/darkening = 0.5
shadow/z_offset = 0.0
shadow/z_slope_scale = 1.0
shadow/esm_multiplier = 1.0
shadow/blur_passes = 1.0
projector = null
operator = 0
shadow/mode = 0
shadow/max_distance = 150.0
shadow/split_weight = 0.5
shadow/zoffset_scale = 1.0


